0.10793237971391417
0.11703511053315994
0.14174252275682706
0.1352405721716515
0.1235370611183355
0.15474642392717816
0.16384915474642392
0.16775032509752927
0.19375812743823148
0.17945383615084526
0.20416124837451236
0.20156046814044212
0.2444733420026008
0.21976592977893367
0.2717815344603381
0.2626788036410923
0.29908972691807545
0.30299089726918077
0.3107932379713914
0.2925877763328999
0.3342002600780234
0.35370611183355005
0.34980494148244473
0.3732119635890767
0.3940182054616385
0.41482444733420026
0.43693107932379716
0.41482444733420026
0.46293888166449937
0.4226267880364109
0.49934980494148246
0.4850455136540962
0.5136540962288687
0.5305591677503251
0.52925877763329
0.5682704811443433
0.5747724317295189
0.5981794538361509
0.5747724317295189
0.5630689206762028
0.6007802340702211
0.6345903771131339
0.6332899869960988
0.6397919375812744
0.6397919375812744
0.682704811443433
0.6801040312093628
0.6840052015604682
0.6866059817945384
0.6957087126137841
