0.1235370611183355
0.11703511053315994
0.13914174252275682
0.14304291287386217
0.18855656697009102
0.18075422626788037
0.21196358907672302
0.23146944083224968
0.2665799739921977
0.270481144343303
0.30039011703511054
0.33029908972691807
0.34850455136540964
0.37581274382314694
0.38751625487646296
0.3966189856957087
0.4304291287386216
0.46553966189856955
0.49544863459037713
0.5032509752925878
0.5188556566970091
0.5474642392717816
0.5643693107932379
0.5851755526657998
0.6306892067620286
0.6436931079323797
0.6618985695708712
0.6657997399219766
0.7048114434330299
0.7022106631989596
0.7425227568270482
0.7373211963589077
0.7672301690507152
0.764629388816645
0.7750325097529259
0.8153446033810143
0.8010403120936281
0.8335500650195059
0.8283485045513654
0.8517555266579974
0.8296488946684005
0.8673602080624188
0.8660598179453837
0.8634590377113134
0.893368010403121
0.8972691807542262
0.9102730819245773
0.8868660598179454
0.9050715214564369
0.9219765929778934
