0.11573472041612484
0.13394018205461639
0.12873862158647595
0.14304291287386217
0.1482444733420026
0.13914174252275682
0.14564369310793238
0.14954486345903772
0.14564369310793238
0.1469440832249675
0.1469440832249675
0.1469440832249675
0.1469440832249675
0.1378413524057217
0.14564369310793238
0.14564369310793238
0.1469440832249675
0.1469440832249675
0.14304291287386217
0.15214564369310793
0.1469440832249675
0.15474642392717816
0.19115734720416125
0.2093628088426528
0.1846553966189857
0.235370611183355
0.24317295188556567
0.28218465539661897
0.32639791937581275
0.35240572171651496
0.4083224967490247
0.4135240572171652
0.43302990897269183
0.49024707412223667
0.5136540962288687
0.5669700910273082
0.5916775032509753
0.6423927178153446
0.6736020806241872
0.6775032509752926
0.7347204161248374
0.7451235370611183
0.7620286085825748
0.7568270481144344
0.8062418725617685
0.8010403120936281
0.8218465539661899
0.8556566970091027
0.8868660598179454
0.8920676202860858
