0.11053315994798439
0.09752925877763328
0.11573472041612484
0.11313394018205461
0.10533159947984395
0.11443433029908973
0.1352405721716515
0.11703511053315994
0.12093628088426528
0.13133940182054615
0.1235370611183355
0.13003901170351106
0.14434330299089726
0.1378413524057217
0.14304291287386217
0.1352405721716515
0.14174252275682706
0.14434330299089726
0.14044213263979194
0.14174252275682706
0.14564369310793238
0.1378413524057217
0.14564369310793238
0.15604681404421328
0.14564369310793238
0.14434330299089726
0.14564369310793238
0.15864759427828348
0.15604681404421328
0.14434330299089726
0.14304291287386217
0.14174252275682706
0.14174252275682706
0.1352405721716515
0.1378413524057217
0.15214564369310793
0.15864759427828348
0.1469440832249675
0.15344603381014305
0.1469440832249675
0.14434330299089726
0.15734720416124837
0.15734720416124837
0.14434330299089726
0.16124837451235371
0.1846553966189857
0.19375812743823148
0.18855656697009102
0.16644993498049415
0.21716514954486346
0.21716514954486346
0.21716514954486346
0.21456436931079323
0.20026007802340703
0.23797139141742524
0.22886866059817945
0.23276983094928477
0.235370611183355
0.23667100130039012
0.235370611183355
0.23146944083224968
0.23276983094928477
0.24577373211963588
0.2717815344603381
0.2886866059817945
0.30039011703511054
0.30039011703511054
0.3198959687906372
0.3250975292587776
0.3016905071521456
0.28998699609882966
0.2886866059817945
0.3198959687906372
0.3250975292587776
0.33029908972691807
0.35240572171651496
0.3680104031209363
0.3576072821846554
0.36280884265279584
0.4096228868660598
0.3862158647594278
0.3784135240572172
0.3953185955786736
0.4057217165149545
0.43693107932379716
0.4538361508452536
0.4174252275682705
0.4486345903771131
0.4681404421326398
0.4980494148244473
0.48244473342002603
0.4811443433029909
0.47854356306892065
0.49024707412223667
0.5214564369310793
0.5188556566970091
0.5461638491547465
0.5344603381014305
0.5370611183355006
0.5305591677503251
