0.11703511053315994
0.15474642392717816
0.19245773732119636
0.2535760728218466
0.31859557867360205
0.4096228868660598
0.505851755526658
0.4980494148244473
0.5955786736020806
0.6371911573472041
0.7022106631989596
0.7607282184655396
0.7633289986996099
0.8244473342002601
0.8504551365409623
0.8673602080624188
0.8881664499349805
0.9076723016905072
0.9206762028608583
0.9310793237971391
0.953185955786736
0.9466840052015605
0.9609882964889467
0.953185955786736
0.9687906371911573
0.9622886866059818
0.9817945383615084
0.9817945383615084
0.9622886866059818
0.9726918075422627
0.9856957087126138
0.9791937581274383
0.988296488946684
0.9856957087126138
0.9908972691807543
0.9869960988296489
0.9843953185955787
0.9856957087126138
0.9843953185955787
0.9895968790637191
0.9817945383615084
0.9934980494148244
0.988296488946684
0.9947984395318595
0.9934980494148244
0.9973992197659298
0.9947984395318595
0.9895968790637191
1.0
0.9895968790637191
